left_cam:
  image_width: 3270
  image_height: 2048
  intrinsic_matrix: [3433.290427, 0.000000, 1555.960531,
                     0.000000, 3439.178417, 1003.108994,
                     0.000000, 0.000000, 1.000000]


  distortion_coefficients: [-0.060577, 0.090150, -0.001188, -0.001071, 0.000000]

  extrinsic_matrix: [-0.0248104,-0.999423,-0.0231887,-0.0332339,
                     -0.00278342,0.0232648,-0.999725,-0.329626,
                      0.999688,-0.0247391,-0.00335902,0.451528,
                      0,0,0,1]
                    #  [0.00520479,-0.999972,0.00537903,-0.122209,
                    #   -0.0505566,-0.00563536,-0.998705,0.0560792,
                    #   0.998708,0.0049261,-0.0505845,-0.0876166,
                    #  0,0,0,1]
  calibration:
    points: 
      [ 8670.0, 9285.0, 420.0,
        16770.0, 3890.0, 600.0,
        9047.0, 2960.0, 945.0,
        4348.5, 4281.0, 535.0 ]


right_cam:
  image_width: 3270
  image_height: 2048
  intrinsic_matrix: [3439.163654, 0.000000,    1578.718638,
                     0.000000,    3442.963950, 1051.508580,
                     0.000000,    0.000000,    1.000000]



  distortion_coefficients: [-0.048376, 0.113179, -0.003279, 0.000316, 0.000000]


  extrinsic_matrix: [0.0350889,-0.99926,-0.0157833,0.0184253,
                     0.04077,0.0172111,-0.99902,-0.318627,
                     0.998552,0.034411,0.0413438,-0.0636097,
                     0,0,0,1]
  calibration:
    points:
      [ 8670.0, 9285.0, 420.0,
        11070.0, 11530.0, 600.0,
        18953.0, 12040.0, 945.0,
        23651.5, 10719.0, 535.0 ]

battle_color: red

